5
Cube 8
-1 -1 -1
-1 1 -1
1 -1 -1
1 1 -1
-1 -1 1
-1 1 1
1 -1 1
1 1 1
12
0 1
0 2
0 4
1 3
1 5
2 3
2 6
3 7
4 5
4 6
5 7
6 7
-0.11 -0.25 -0.23
-7.81 -3.7 8.96
1.5
Pyramid 5
-1 -1 0
-1 1 0
1 -1 0
1 1 0
0 0 7
8
0 1
1 3
3 2
2 0
0 4
1 4
2 4
3 4
-1.19 0.07 0
-11.98 7.37 10
0.5
Sphere 256
0 0 1.5
0 0 1.5
0 0 1.5
0 0 1.5
-0 0 1.5
-0 0 1.5
-0 0 1.5
-0 0 1.5
-0 -0 1.5
-0 -0 1.5
-0 -0 1.5
-0 -0 1.5
0 -0 1.5
0 -0 1.5
0 -0 1.5
0 0 1.5
0.311868 0 1.46722
0.284905 0.126848 1.46722
0.20868 0.231763 1.46722
0.0963724 0.296604 1.46722
-0.0325991 0.310159 1.46722
-0.155934 0.270085 1.46722
-0.252306 0.183311 1.46722
-0.305052 0.0648409 1.46722
-0.305052 -0.0648409 1.46722
-0.252306 -0.183311 1.46722
-0.155934 -0.270085 1.46722
-0.032599 -0.310159 1.46722
0.0963724 -0.296604 1.46722
0.20868 -0.231763 1.46722
0.284905 -0.126848 1.46722
0.311868 5.45287e-08 1.46722
0.610105 0 1.37032
0.557359 0.248152 1.37032
0.40824 0.453396 1.37032
0.188533 0.580244 1.37032
-0.0637734 0.606763 1.37032
-0.305053 0.528366 1.37032
-0.493585 0.358611 1.37032
-0.596773 0.126848 1.37032
-0.596773 -0.126848 1.37032
-0.493585 -0.358611 1.37032
-0.305052 -0.528366 1.37032
-0.0637733 -0.606763 1.37032
0.188533 -0.580244 1.37032
0.40824 -0.453396 1.37032
0.557359 -0.248152 1.37032
0.610105 1.06674e-07 1.37032
0.881678 0 1.21353
0.805453 0.358611 1.21353
0.589958 0.655214 1.21353
0.272453 0.838526 1.21353
-0.0921605 0.876848 1.21353
-0.440839 0.763555 1.21353
-0.713292 0.518237 1.21353
-0.862411 0.183311 1.21353
-0.862411 -0.183311 1.21353
-0.713292 -0.518237 1.21353
-0.440839 -0.763556 1.21353
-0.0921603 -0.876848 1.21353
0.272454 -0.838525 1.21353
0.589958 -0.655214 1.21353
0.805453 -0.358611 1.21353
0.881678 1.54157e-07 1.21353
1.11472 0 1.0037
1.01834 0.453396 1.0037
0.745891 0.828396 1.0037
0.344467 1.06016 1.0037
-0.11652 1.10861 1.0037
-0.557359 0.965373 1.0037
-0.901825 0.655214 1.0037
-1.09036 0.231763 1.0037
-1.09036 -0.231763 1.0037
-0.901825 -0.655214 1.0037
-0.557359 -0.965374 1.0037
-0.11652 -1.10861 1.0037
0.344467 -1.06016 1.0037
0.745892 -0.828396 1.0037
1.01834 -0.453396 1.0037
1.11472 1.94903e-07 1.0037
1.29904 0 0.75
1.18673 0.528366 0.75
0.869226 0.965373 0.75
0.401425 1.23546 0.75
-0.135787 1.29192 0.75
-0.649519 1.125 0.75
-1.05094 0.763555 0.75
-1.27065 0.270085 0.75
-1.27065 -0.270085 0.75
-1.05094 -0.763556 0.75
-0.649519 -1.125 0.75
-0.135786 -1.29192 0.75
0.401425 -1.23546 0.75
0.869226 -0.965373 0.75
1.18673 -0.528366 0.75
1.29904 2.27131e-07 0.75
1.42658 0 0.463525
1.30325 0.580244 0.463525
0.954572 1.06016 0.463525
0.440839 1.35676 0.463525
-0.149119 1.41877 0.463525
-0.713292 1.23546 0.463525
-1.15413 0.838525 0.463525
-1.39541 0.296604 0.463525
-1.39541 -0.296604 0.463525
-1.15413 -0.838526 0.463525
-0.713292 -1.23546 0.463525
-0.149119 -1.41877 0.463525
0.440839 -1.35676 0.463525
0.954572 -1.06016 0.463525
1.30325 -0.580244 0.463525
1.42658 2.49432e-07 0.463525
1.49178 0 0.156793
1.36281 0.606763 0.156793
0.998198 1.10861 0.156793
0.460986 1.41877 0.156793
-0.155934 1.48361 0.156793
-0.745892 1.29192 0.156793
-1.20688 0.876848 0.156793
-1.45918 0.310159 0.156793
-1.45918 -0.310159 0.156793
-1.20688 -0.876848 0.156793
-0.745891 -1.29192 0.156793
-0.155934 -1.48361 0.156793
0.460986 -1.41877 0.156793
0.998198 -1.10861 0.156793
1.36281 -0.606763 0.156793
1.49178 2.60832e-07 0.156793
1.49178 0 -0.156793
1.36281 0.606763 -0.156793
0.998198 1.10861 -0.156793
0.460986 1.41877 -0.156793
-0.155934 1.48361 -0.156793
-0.745892 1.29192 -0.156793
-1.20688 0.876848 -0.156793
-1.45918 0.310159 -0.156793
-1.45918 -0.310159 -0.156793
-1.20688 -0.876848 -0.156793
-0.745891 -1.29192 -0.156793
-0.155934 -1.48361 -0.156793
0.460986 -1.41877 -0.156793
0.998198 -1.10861 -0.156793
1.36281 -0.606763 -0.156793
1.49178 2.60832e-07 -0.156793
1.42658 0 -0.463526
1.30325 0.580244 -0.463526
0.954571 1.06016 -0.463526
0.440839 1.35676 -0.463526
-0.149119 1.41877 -0.463526
-0.713292 1.23546 -0.463526
-1.15413 0.838525 -0.463526
-1.39541 0.296604 -0.463526
-1.39541 -0.296604 -0.463526
-1.15413 -0.838526 -0.463526
-0.713292 -1.23546 -0.463526
-0.149119 -1.41877 -0.463526
0.440839 -1.35676 -0.463526
0.954572 -1.06016 -0.463526
1.30325 -0.580244 -0.463526
1.42658 2.49432e-07 -0.463526
1.29904 0 -0.75
1.18673 0.528366 -0.75
0.869226 0.965373 -0.75
0.401425 1.23546 -0.75
-0.135787 1.29192 -0.75
-0.649519 1.125 -0.75
-1.05094 0.763555 -0.75
-1.27065 0.270085 -0.75
-1.27065 -0.270085 -0.75
-1.05094 -0.763556 -0.75
-0.649519 -1.125 -0.75
-0.135786 -1.29192 -0.75
0.401425 -1.23546 -0.75
0.869226 -0.965373 -0.75
1.18673 -0.528366 -0.75
1.29904 2.27131e-07 -0.75
1.11472 0 -1.0037
1.01834 0.453396 -1.0037
0.745891 0.828396 -1.0037
0.344467 1.06016 -1.0037
-0.11652 1.10861 -1.0037
-0.557359 0.965373 -1.0037
-0.901825 0.655214 -1.0037
-1.09036 0.231763 -1.0037
-1.09036 -0.231763 -1.0037
-0.901825 -0.655214 -1.0037
-0.557359 -0.965373 -1.0037
-0.11652 -1.10861 -1.0037
0.344467 -1.06016 -1.0037
0.745892 -0.828396 -1.0037
1.01834 -0.453396 -1.0037
1.11472 1.94903e-07 -1.0037
0.881678 0 -1.21353
0.805453 0.358611 -1.21353
0.589958 0.655214 -1.21353
0.272453 0.838525 -1.21353
-0.0921605 0.876848 -1.21353
-0.440839 0.763555 -1.21353
-0.713292 0.518237 -1.21353
-0.862411 0.183311 -1.21353
-0.862411 -0.183311 -1.21353
-0.713292 -0.518237 -1.21353
-0.440839 -0.763555 -1.21353
-0.0921603 -0.876848 -1.21353
0.272454 -0.838525 -1.21353
0.589958 -0.655214 -1.21353
0.805453 -0.358611 -1.21353
0.881678 1.54157e-07 -1.21353
0.610105 0 -1.37032
0.557359 0.248152 -1.37032
0.40824 0.453396 -1.37032
0.188533 0.580244 -1.37032
-0.0637733 0.606763 -1.37032
-0.305052 0.528366 -1.37032
-0.493585 0.358611 -1.37032
-0.596773 0.126848 -1.37032
-0.596773 -0.126848 -1.37032
-0.493585 -0.358611 -1.37032
-0.305052 -0.528366 -1.37032
-0.0637732 -0.606763 -1.37032
0.188533 -0.580244 -1.37032
0.40824 -0.453396 -1.37032
0.557359 -0.248152 -1.37032
0.610105 1.06674e-07 -1.37032
0.311867 0 -1.46722
0.284905 0.126848 -1.46722
0.20868 0.231763 -1.46722
0.0963723 0.296604 -1.46722
-0.032599 0.310159 -1.46722
-0.155934 0.270085 -1.46722
-0.252306 0.183311 -1.46722
-0.305052 0.0648409 -1.46722
-0.305052 -0.0648409 -1.46722
-0.252306 -0.183311 -1.46722
-0.155934 -0.270085 -1.46722
-0.032599 -0.310159 -1.46722
0.0963724 -0.296604 -1.46722
0.20868 -0.231763 -1.46722
0.284905 -0.126848 -1.46722
0.311867 5.45286e-08 -1.46722
-1.31134e-07 -0 -1.5
-1.19797e-07 -5.33371e-08 -1.5
-8.77459e-08 -9.74517e-08 -1.5
-4.05227e-08 -1.24716e-07 -1.5
1.37073e-08 -1.30416e-07 -1.5
6.55671e-08 -1.13566e-07 -1.5
1.0609e-07 -7.70787e-08 -1.5
1.28269e-07 -2.72643e-08 -1.5
1.28269e-07 2.72643e-08 -1.5
1.0609e-07 7.70787e-08 -1.5
6.55671e-08 1.13566e-07 -1.5
1.37072e-08 1.30416e-07 -1.5
-4.05227e-08 1.24716e-07 -1.5
-8.77459e-08 9.74517e-08 -1.5
-1.19797e-07 5.33371e-08 -1.5
-1.31134e-07 -2.29282e-14 -1.5
675
0 16
0 1
16 17
1 17
1 2
17 18
2 18
2 3
18 19
3 19
3 4
19 20
4 20
4 5
20 21
5 21
5 6
21 22
6 22
6 7
22 23
7 23
7 8
23 24
8 24
8 9
24 25
9 25
9 10
25 26
10 26
10 11
26 27
11 27
11 12
27 28
12 28
12 13
28 29
13 29
13 14
29 30
14 30
14 15
30 31
16 32
16 17
32 33
17 33
17 18
33 34
18 34
18 19
34 35
19 35
19 20
35 36
20 36
20 21
36 37
21 37
21 22
37 38
22 38
22 23
38 39
23 39
23 24
39 40
24 40
24 25
40 41
25 41
25 26
41 42
26 42
26 27
42 43
27 43
27 28
43 44
28 44
28 29
44 45
29 45
29 30
45 46
30 46
30 31
46 47
32 48
32 33
48 49
33 49
33 34
49 50
34 50
34 35
50 51
35 51
35 36
51 52
36 52
36 37
52 53
37 53
37 38
53 54
38 54
38 39
54 55
39 55
39 40
55 56
40 56
40 41
56 57
41 57
41 42
57 58
42 58
42 43
58 59
43 59
43 44
59 60
44 60
44 45
60 61
45 61
45 46
61 62
46 62
46 47
62 63
48 64
48 49
64 65
49 65
49 50
65 66
50 66
50 51
66 67
51 67
51 52
67 68
52 68
52 53
68 69
53 69
53 54
69 70
54 70
54 55
70 71
55 71
55 56
71 72
56 72
56 57
72 73
57 73
57 58
73 74
58 74
58 59
74 75
59 75
59 60
75 76
60 76
60 61
76 77
61 77
61 62
77 78
62 78
62 63
78 79
64 80
64 65
80 81
65 81
65 66
81 82
66 82
66 67
82 83
67 83
67 68
83 84
68 84
68 69
84 85
69 85
69 70
85 86
70 86
70 71
86 87
71 87
71 72
87 88
72 88
72 73
88 89
73 89
73 74
89 90
74 90
74 75
90 91
75 91
75 76
91 92
76 92
76 77
92 93
77 93
77 78
93 94
78 94
78 79
94 95
80 96
80 81
96 97
81 97
81 82
97 98
82 98
82 83
98 99
83 99
83 84
99 100
84 100
84 85
100 101
85 101
85 86
101 102
86 102
86 87
102 103
87 103
87 88
103 104
88 104
88 89
104 105
89 105
89 90
105 106
90 106
90 91
106 107
91 107
91 92
107 108
92 108
92 93
108 109
93 109
93 94
109 110
94 110
94 95
110 111
96 112
96 97
112 113
97 113
97 98
113 114
98 114
98 99
114 115
99 115
99 100
115 116
100 116
100 101
116 117
101 117
101 102
117 118
102 118
102 103
118 119
103 119
103 104
119 120
104 120
104 105
120 121
105 121
105 106
121 122
106 122
106 107
122 123
107 123
107 108
123 124
108 124
108 109
124 125
109 125
109 110
125 126
110 126
110 111
126 127
112 128
112 113
128 129
113 129
113 114
129 130
114 130
114 115
130 131
115 131
115 116
131 132
116 132
116 117
132 133
117 133
117 118
133 134
118 134
118 119
134 135
119 135
119 120
135 136
120 136
120 121
136 137
121 137
121 122
137 138
122 138
122 123
138 139
123 139
123 124
139 140
124 140
124 125
140 141
125 141
125 126
141 142
126 142
126 127
142 143
128 144
128 129
144 145
129 145
129 130
145 146
130 146
130 131
146 147
131 147
131 132
147 148
132 148
132 133
148 149
133 149
133 134
149 150
134 150
134 135
150 151
135 151
135 136
151 152
136 152
136 137
152 153
137 153
137 138
153 154
138 154
138 139
154 155
139 155
139 140
155 156
140 156
140 141
156 157
141 157
141 142
157 158
142 158
142 143
158 159
144 160
144 145
160 161
145 161
145 146
161 162
146 162
146 147
162 163
147 163
147 148
163 164
148 164
148 149
164 165
149 165
149 150
165 166
150 166
150 151
166 167
151 167
151 152
167 168
152 168
152 153
168 169
153 169
153 154
169 170
154 170
154 155
170 171
155 171
155 156
171 172
156 172
156 157
172 173
157 173
157 158
173 174
158 174
158 159
174 175
160 176
160 161
176 177
161 177
161 162
177 178
162 178
162 163
178 179
163 179
163 164
179 180
164 180
164 165
180 181
165 181
165 166
181 182
166 182
166 167
182 183
167 183
167 168
183 184
168 184
168 169
184 185
169 185
169 170
185 186
170 186
170 171
186 187
171 187
171 172
187 188
172 188
172 173
188 189
173 189
173 174
189 190
174 190
174 175
190 191
176 192
176 177
192 193
177 193
177 178
193 194
178 194
178 179
194 195
179 195
179 180
195 196
180 196
180 181
196 197
181 197
181 182
197 198
182 198
182 183
198 199
183 199
183 184
199 200
184 200
184 185
200 201
185 201
185 186
201 202
186 202
186 187
202 203
187 203
187 188
203 204
188 204
188 189
204 205
189 205
189 190
205 206
190 206
190 191
206 207
192 208
192 193
208 209
193 209
193 194
209 210
194 210
194 195
210 211
195 211
195 196
211 212
196 212
196 197
212 213
197 213
197 198
213 214
198 214
198 199
214 215
199 215
199 200
215 216
200 216
200 201
216 217
201 217
201 202
217 218
202 218
202 203
218 219
203 219
203 204
219 220
204 220
204 205
220 221
205 221
205 206
221 222
206 222
206 207
222 223
208 224
208 209
224 225
209 225
209 210
225 226
210 226
210 211
226 227
211 227
211 212
227 228
212 228
212 213
228 229
213 229
213 214
229 230
214 230
214 215
230 231
215 231
215 216
231 232
216 232
216 217
232 233
217 233
217 218
233 234
218 234
218 219
234 235
219 235
219 220
235 236
220 236
220 221
236 237
221 237
221 222
237 238
222 238
222 223
238 239
224 240
224 225
240 241
225 241
225 226
241 242
226 242
226 227
242 243
227 243
227 228
243 244
228 244
228 229
244 245
229 245
229 230
245 246
230 246
230 231
246 247
231 247
231 232
247 248
232 248
232 233
248 249
233 249
233 234
249 250
234 250
234 235
250 251
235 251
235 236
251 252
236 252
236 237
252 253
237 253
237 238
253 254
238 254
238 239
254 255
0.64 0 0
4.06 -4.69 10
2
Cone 9
0 3 0
1 0 0
0.707107 0 0.707107
-4.37114e-08 0 1
-0.707107 0 0.707107
-1 0 -8.74228e-08
-0.707107 0 -0.707107
1.19249e-08 0 -1
0.707107 0 -0.707107
16
0 1
1 2
0 2
2 3
0 3
3 4
0 4
4 5
0 5
5 6
0 6
6 7
0 7
7 8
0 8
8 1
-3.69 0 0
-10.07 1.31 10
1
Cylinder 16
1 -2 0
0.707107 -2 0.707107
-4.37114e-08 -2 1
-0.707107 -2 0.707107
-1 -2 -8.74228e-08
-0.707107 -2 -0.707107
1.19249e-08 -2 -1
0.707107 -2 -0.707107
1 2 0
0.707107 2 0.707107
-4.37114e-08 2 1
-0.707107 2 0.707107
-1 2 -8.74228e-08
-0.707107 2 -0.707107
1.19249e-08 2 -1
0.707107 2 -0.707107
24
0 1
1 2
2 3
3 4
4 5
5 6
6 7
7 0
8 9
9 10
10 11
11 12
12 13
13 14
14 15
15 8
0 8
1 9
2 10
3 11
4 12
5 13
6 14
7 15
0 0 0
-7.91 5.72 10
1
